# IGRF-14 Spherical Harmonic Coefficients
# Schmidt semi-normalised, units: nT (main field), nT/yr (SV)
# Converted from IGRF14coeffs.xlsx
#
 g/h   n   m     1900.0     1905.0     1910.0     1915.0     1920.0     1925.0     1930.0     1935.0     1940.0     1945.0     1950.0     1955.0     1960.0     1965.0     1970.0     1975.0     1980.0     1985.0     1990.0     1995.0     2000.0     2005.0     2010.0     2015.0     2020.0     2025.0  2025-2030
   g   1   0  -31543.00  -31464.00  -31354.00  -31212.00  -31060.00  -30926.00  -30805.00  -30715.00  -30654.00  -30594.00  -30554.00  -30500.00  -30421.00  -30334.00  -30220.00  -30100.00  -29992.00  -29873.00  -29775.00  -29692.00  -29619.40  -29554.63  -29496.57  -29441.46  -29403.41  -29350.00      12.60
   g   1   1   -2298.00   -2298.00   -2297.00   -2306.00   -2317.00   -2318.00   -2316.00   -2306.00   -2292.00   -2285.00   -2250.00   -2215.00   -2169.00   -2119.00   -2068.00   -2013.00   -1956.00   -1905.00   -1848.00   -1784.00   -1728.20   -1669.05   -1586.42   -1501.77   -1451.37   -1410.30      10.00
   h   1   1    5922.00    5909.00    5898.00    5875.00    5845.00    5817.00    5808.00    5812.00    5821.00    5810.00    5815.00    5820.00    5791.00    5776.00    5737.00    5675.00    5604.00    5500.00    5406.00    5306.00    5186.10    5077.99    4944.26    4795.99    4653.35    4545.50     -21.50
   g   2   0    -677.00    -728.00    -769.00    -802.00    -839.00    -893.00    -951.00   -1018.00   -1106.00   -1244.00   -1341.00   -1440.00   -1555.00   -1662.00   -1781.00   -1902.00   -1997.00   -2072.00   -2131.00   -2200.00   -2267.70   -2337.24   -2396.06   -2445.88   -2499.78   -2556.20     -11.20
   g   2   1    2905.00    2928.00    2948.00    2956.00    2959.00    2969.00    2980.00    2984.00    2981.00    2990.00    2998.00    3003.00    3002.00    2997.00    3000.00    3010.00    3027.00    3044.00    3059.00    3070.00    3068.40    3047.69    3026.34    3012.20    2981.96    2950.90      -5.30
   h   2   1   -1061.00   -1086.00   -1128.00   -1191.00   -1259.00   -1334.00   -1424.00   -1520.00   -1614.00   -1702.00   -1810.00   -1898.00   -1967.00   -2016.00   -2047.00   -2067.00   -2129.00   -2197.00   -2279.00   -2366.00   -2481.60   -2594.50   -2708.54   -2845.41   -2991.72   -3133.60     -27.30
   g   2   2     924.00    1041.00    1176.00    1309.00    1407.00    1471.00    1517.00    1550.00    1566.00    1578.00    1576.00    1581.00    1590.00    1594.00    1611.00    1632.00    1663.00    1687.00    1686.00    1681.00    1670.90    1657.76    1668.17    1676.35    1676.85    1648.70      -8.30
   h   2   2    1121.00    1065.00    1000.00     917.00     823.00     728.00     644.00     586.00     528.00     477.00     381.00     291.00     206.00     114.00      25.00     -68.00    -200.00    -306.00    -373.00    -413.00    -458.00    -515.43    -575.73    -642.17    -734.62    -814.20     -11.10
   g   3   0    1022.00    1037.00    1058.00    1084.00    1111.00    1140.00    1172.00    1206.00    1240.00    1282.00    1297.00    1302.00    1302.00    1297.00    1287.00    1276.00    1281.00    1296.00    1314.00    1335.00    1339.60    1336.30    1339.85    1350.33    1363.00    1360.90      -1.50
   g   3   1   -1469.00   -1494.00   -1524.00   -1559.00   -1600.00   -1645.00   -1692.00   -1740.00   -1790.00   -1834.00   -1889.00   -1944.00   -1992.00   -2038.00   -2091.00   -2144.00   -2180.00   -2208.00   -2239.00   -2267.00   -2288.00   -2305.83   -2326.54   -2352.26   -2380.80   -2404.20      -4.40
   h   3   1    -330.00    -357.00    -389.00    -421.00    -445.00    -462.00    -480.00    -494.00    -499.00    -499.00    -476.00    -462.00    -414.00    -404.00    -366.00    -333.00    -336.00    -310.00    -284.00    -262.00    -227.60    -198.86    -160.40    -115.29     -81.96     -56.90       3.80
   g   3   2    1256.00    1239.00    1223.00    1212.00    1205.00    1202.00    1205.00    1215.00    1232.00    1255.00    1274.00    1288.00    1289.00    1292.00    1278.00    1260.00    1251.00    1247.00    1248.00    1249.00    1252.10    1246.39    1232.10    1225.85    1236.06    1243.80       0.40
   h   3   2       3.00      34.00      62.00      84.00     103.00     119.00     133.00     146.00     163.00     186.00     206.00     216.00     224.00     240.00     251.00     262.00     271.00     284.00     293.00     302.00     293.40     269.72     251.75     245.04     241.80     237.60      -0.20
   g   3   3     572.00     635.00     705.00     778.00     839.00     881.00     907.00     918.00     916.00     913.00     896.00     882.00     878.00     856.00     838.00     830.00     833.00     829.00     802.00     759.00     714.50     672.51     633.73     581.69     525.60     453.40     -15.60
   h   3   3     523.00     480.00     425.00     360.00     293.00     229.00     166.00     101.00      43.00     -11.00     -46.00     -83.00    -130.00    -165.00    -196.00    -223.00    -252.00    -297.00    -352.00    -427.00    -491.10    -524.72    -537.03    -538.70    -542.52    -549.60      -3.90
   g   4   0     876.00     880.00     884.00     887.00     889.00     891.00     896.00     903.00     914.00     944.00     954.00     958.00     957.00     957.00     952.00     946.00     938.00     936.00     939.00     940.00     932.30     920.55     912.66     907.42     902.82     894.70      -1.70
   g   4   1     628.00     643.00     660.00     678.00     695.00     711.00     727.00     744.00     762.00     776.00     792.00     796.00     800.00     804.00     800.00     791.00     782.00     780.00     780.00     780.00     786.80     797.96     808.97     813.68     809.47     799.60      -2.30
   h   4   1     195.00     203.00     211.00     218.00     220.00     216.00     205.00     188.00     169.00     144.00     136.00     133.00     135.00     148.00     167.00     191.00     212.00     232.00     247.00     262.00     272.60     282.07     286.48     283.54     282.10     278.60      -1.30
   g   4   2     660.00     653.00     644.00     631.00     616.00     601.00     584.00     565.00     550.00     544.00     528.00     510.00     504.00     479.00     461.00     438.00     398.00     361.00     325.00     290.00     250.00     210.65     166.58     120.49      86.18      55.80      -5.80
   h   4   2     -69.00     -77.00     -90.00    -109.00    -134.00    -163.00    -195.00    -226.00    -252.00    -276.00    -278.00    -274.00    -278.00    -269.00    -266.00    -265.00    -257.00    -249.00    -240.00    -236.00    -231.90    -225.23    -211.03    -188.43    -158.50    -134.00       4.10
   g   4   3    -361.00    -380.00    -400.00    -416.00    -424.00    -426.00    -422.00    -415.00    -405.00    -421.00    -408.00    -397.00    -394.00    -390.00    -395.00    -405.00    -419.00    -424.00    -423.00    -418.00    -403.00    -379.86    -356.83    -334.85    -309.47    -281.10       5.40
   h   4   3    -210.00    -201.00    -189.00    -173.00    -153.00    -130.00    -109.00     -90.00     -72.00     -55.00     -37.00     -23.00       3.00      13.00      26.00      39.00      53.00      69.00      84.00      97.00     119.80     145.15     164.46     180.95     199.75     212.00       1.60
   g   4   4     134.00     146.00     160.00     178.00     199.00     217.00     234.00     249.00     265.00     304.00     303.00     290.00     269.00     252.00     234.00     216.00     199.00     170.00     141.00     122.00     111.30     100.00      89.40      70.38      47.44      12.00      -6.80
   h   4   4     -75.00     -65.00     -55.00     -51.00     -57.00     -70.00     -90.00    -114.00    -141.00    -178.00    -210.00    -230.00    -255.00    -269.00    -279.00    -288.00    -297.00    -297.00    -299.00    -306.00    -303.80    -305.36    -309.72    -329.23    -350.30    -375.40      -4.10
   g   5   0    -184.00    -192.00    -201.00    -211.00    -221.00    -230.00    -237.00    -241.00    -241.00    -253.00    -240.00    -229.00    -222.00    -219.00    -216.00    -218.00    -218.00    -214.00    -214.00    -214.00    -218.80    -227.00    -230.87    -232.91    -234.42    -232.90       0.60
   g   5   1     328.00     328.00     327.00     327.00     326.00     326.00     327.00     329.00     334.00     346.00     349.00     360.00     362.00     358.00     359.00     356.00     357.00     355.00     353.00     352.00     351.40     354.41     357.29     360.14     363.26     369.00       1.30
   h   5   1    -210.00    -193.00    -172.00    -148.00    -122.00     -96.00     -72.00     -51.00     -33.00     -12.00       3.00      15.00      16.00      19.00      26.00      31.00      46.00      47.00      46.00      46.00      43.80      42.72      44.58      46.98      47.52      45.30      -0.50
   g   5   2     264.00     259.00     253.00     245.00     236.00     226.00     218.00     211.00     208.00     194.00     211.00     230.00     242.00     254.00     262.00     264.00     261.00     253.00     245.00     235.00     222.30     208.95     200.26     192.35     187.86     187.20       0.00
   h   5   2      53.00      56.00      57.00      58.00      58.00      58.00      60.00      64.00      71.00      95.00     103.00     110.00     125.00     128.00     139.00     148.00     150.00     150.00     154.00     165.00     171.90     180.25     189.01     196.98     208.36     220.00       2.10
   g   5   3       5.00      -1.00      -9.00     -16.00     -23.00     -28.00     -32.00     -33.00     -33.00     -20.00     -20.00     -23.00     -26.00     -31.00     -42.00     -59.00     -74.00     -93.00    -109.00    -118.00    -130.40    -136.54    -141.05    -140.94    -140.73    -138.70       0.70
   h   5   3     -33.00     -32.00     -33.00     -34.00     -38.00     -44.00     -53.00     -64.00     -75.00     -67.00     -87.00     -98.00    -117.00    -126.00    -139.00    -152.00    -151.00    -154.00    -153.00    -143.00    -133.10    -123.45    -118.06    -119.14    -121.43    -122.90       0.50
   g   5   4     -86.00     -93.00    -102.00    -111.00    -119.00    -125.00    -131.00    -136.00    -141.00    -142.00    -147.00    -152.00    -156.00    -157.00    -160.00    -159.00    -162.00    -164.00    -165.00    -166.00    -168.60    -168.05    -163.17    -157.40    -151.16    -141.90       2.30
   h   5   4    -124.00    -125.00    -126.00    -126.00    -125.00    -122.00    -118.00    -115.00    -113.00    -119.00    -122.00    -121.00    -114.00     -97.00     -91.00     -83.00     -78.00     -75.00     -69.00     -55.00     -39.30     -19.57      -0.01      15.98      32.09      42.90       1.70
   g   5   5     -16.00     -26.00     -38.00     -51.00     -62.00     -69.00     -74.00     -76.00     -76.00     -82.00     -76.00     -69.00     -63.00     -62.00     -56.00     -49.00     -48.00     -46.00     -36.00     -17.00     -12.90     -13.55      -8.03       4.30      13.98      20.90       1.00
   h   5   5       3.00      11.00      21.00      32.00      43.00      51.00      58.00      64.00      69.00      82.00      80.00      78.00      81.00      81.00      83.00      88.00      92.00      95.00      97.00     107.00     106.30     103.85     101.04     100.12      99.14     106.20       1.90
   g   6   0      63.00      62.00      62.00      61.00      61.00      61.00      60.00      59.00      57.00      59.00      54.00      47.00      46.00      45.00      43.00      45.00      48.00      53.00      61.00      68.00      72.30      73.60      72.78      69.55      65.97      64.30      -0.20
   g   6   1      61.00      60.00      58.00      57.00      55.00      54.00      53.00      53.00      54.00      57.00      57.00      57.00      58.00      61.00      64.00      66.00      66.00      65.00      65.00      67.00      68.20      69.56      68.69      67.57      65.56      63.80      -0.30
   h   6   1      -9.00      -7.00      -5.00      -2.00       0.00       3.00       4.00       4.00       4.00       6.00      -1.00      -9.00     -10.00     -11.00     -12.00     -13.00     -15.00     -16.00     -16.00     -17.00     -17.40     -20.33     -20.90     -20.61     -19.22     -18.40       0.30
   g   6   2     -11.00     -11.00     -11.00     -10.00     -10.00      -9.00      -9.00      -8.00      -7.00       6.00       4.00       3.00       1.00       8.00      15.00      28.00      42.00      51.00      59.00      68.00      74.20      76.74      75.92      72.79      72.96      76.70       0.80
   h   6   2      83.00      86.00      89.00      93.00      96.00      99.00     102.00     104.00     105.00     100.00      99.00      96.00      99.00     100.00     100.00      99.00      93.00      88.00      82.00      72.00      63.70      54.75      44.18      33.30      25.02      16.80      -1.60
   g   6   3    -217.00    -221.00    -224.00    -228.00    -233.00    -238.00    -242.00    -246.00    -249.00    -246.00    -247.00    -247.00    -237.00    -228.00    -212.00    -198.00    -192.00    -185.00    -178.00    -170.00    -160.90    -151.34    -141.40    -129.85    -121.57    -115.70       1.20
   h   6   3       2.00       4.00       5.00       8.00      11.00      14.00      19.00      25.00      33.00      16.00      33.00      48.00      60.00      68.00      72.00      75.00      71.00      69.00      69.00      67.00      65.10      63.63      61.54      58.74      52.76      48.90      -0.40
   g   6   4     -58.00     -57.00     -54.00     -51.00     -46.00     -40.00     -32.00     -25.00     -18.00     -25.00     -16.00      -8.00      -1.00       4.00       2.00       1.00       4.00       4.00       3.00      -1.00      -5.90     -14.58     -22.83     -28.93     -36.06     -40.90      -0.80
   h   6   4     -35.00     -32.00     -29.00     -26.00     -22.00     -18.00     -16.00     -15.00     -15.00      -9.00     -12.00     -16.00     -20.00     -32.00     -37.00     -41.00     -43.00     -48.00     -52.00     -58.00     -61.20     -63.53     -66.26     -66.64     -64.40     -59.80       0.80
   g   6   5      59.00      57.00      54.00      49.00      44.00      39.00      32.00      25.00      18.00      21.00      12.00       7.00      -2.00       1.00       3.00       6.00      14.00      16.00      18.00      19.00      16.90      14.58      13.10      13.14      13.60      14.90       0.40
   h   6   5      36.00      32.00      28.00      23.00      18.00      13.00       8.00       4.00       0.00     -16.00     -12.00     -12.00     -11.00      -8.00      -6.00      -4.00      -2.00      -1.00       1.00       1.00       0.70       0.24       3.02       7.35       8.96      10.90       0.70
   g   6   6     -90.00     -92.00     -95.00     -98.00    -101.00    -103.00    -104.00    -106.00    -107.00    -104.00    -105.00    -107.00    -113.00    -111.00    -112.00    -111.00    -108.00    -102.00     -96.00     -93.00     -90.40     -86.36     -78.09     -70.85     -64.80     -60.80       0.90
   h   6   6     -69.00     -67.00     -65.00     -62.00     -57.00     -52.00     -46.00     -40.00     -33.00     -39.00     -30.00     -24.00     -17.00      -7.00       1.00      11.00      17.00      21.00      24.00      36.00      43.80      50.94      55.40      62.41      68.04      72.80       0.90
   g   7   0      70.00      70.00      71.00      72.00      73.00      73.00      74.00      74.00      74.00      70.00      65.00      65.00      67.00      75.00      72.00      71.00      72.00      74.00      77.00      77.00      79.00      79.88      80.44      81.29      80.54      79.60      -0.10
   g   7   1     -55.00     -54.00     -54.00     -54.00     -54.00     -54.00     -54.00     -53.00     -53.00     -40.00     -55.00     -56.00     -56.00     -57.00     -57.00     -56.00     -59.00     -62.00     -64.00     -72.00     -74.00     -74.46     -75.00     -75.99     -76.63     -76.90      -0.10
   h   7   1     -45.00     -46.00     -47.00     -48.00     -49.00     -50.00     -51.00     -52.00     -52.00     -45.00     -35.00     -50.00     -55.00     -61.00     -70.00     -77.00     -82.00     -83.00     -80.00     -69.00     -64.60     -61.14     -57.80     -54.27     -51.50     -48.90       0.60
   g   7   2       0.00       0.00       1.00       2.00       2.00       3.00       4.00       4.00       4.00       0.00       2.00       2.00       5.00       4.00       1.00       1.00       2.00       3.00       2.00       1.00       0.00      -1.65      -4.55      -6.79      -8.23      -8.80      -0.10
   h   7   2     -13.00     -14.00     -14.00     -14.00     -14.00     -14.00     -15.00     -17.00     -18.00     -18.00     -17.00     -24.00     -28.00     -27.00     -27.00     -26.00     -27.00     -27.00     -26.00     -25.00     -24.20     -22.57     -21.20     -19.53     -16.85     -14.40       0.50
   g   7   3      34.00      33.00      32.00      31.00      29.00      27.00      25.00      23.00      20.00       0.00       1.00      10.00      15.00      13.00      14.00      16.00      21.00      24.00      26.00      28.00      33.30      38.73      45.24      51.82      56.45      59.30       0.50
   h   7   3     -10.00     -11.00     -12.00     -12.00     -13.00     -14.00     -14.00     -14.00     -14.00       2.00       0.00      -4.00      -6.00      -2.00      -4.00      -5.00      -5.00      -2.00       0.00       4.00       6.20       6.82       6.54       5.59       2.36      -1.00      -0.70
   g   7   4     -41.00     -41.00     -40.00     -38.00     -37.00     -35.00     -34.00     -33.00     -31.00     -29.00     -40.00     -32.00     -32.00     -26.00     -22.00     -14.00     -12.00      -6.00      -1.00       5.00       9.10      12.30      14.00      15.07      15.80      15.80      -0.10
   h   7   4      -1.00       0.00       1.00       2.00       4.00       5.00       6.00       7.00       7.00       6.00      10.00       8.00       7.00       6.00       8.00      10.00      16.00      20.00      21.00      24.00      24.00      25.35      24.96      24.45      23.56      23.50       0.00
   g   7   5     -21.00     -20.00     -19.00     -18.00     -16.00     -14.00     -12.00     -11.00      -9.00     -10.00      -7.00     -11.00      -7.00      -6.00      -2.00       0.00       1.00       4.00       5.00       4.00       6.90       9.37      10.46       9.32       6.30       2.50      -0.80
   h   7   5      28.00      28.00      28.00      28.00      28.00      29.00      29.00      29.00      29.00      28.00      36.00      28.00      23.00      26.00      23.00      22.00      18.00      17.00      17.00      17.00      14.80      10.93       7.03       3.27      -2.19      -7.40      -0.90
   g   7   6      18.00      18.00      18.00      19.00      19.00      19.00      18.00      18.00      17.00      15.00       5.00       9.00      17.00      13.00      13.00      12.00      11.00      10.00       9.00       8.00       7.30       5.42       1.64      -2.88      -7.21     -11.20      -0.80
   h   7   6     -12.00     -12.00     -13.00     -15.00     -16.00     -17.00     -18.00     -19.00     -20.00     -17.00     -18.00     -20.00     -18.00     -23.00     -23.00     -23.00     -23.00     -23.00     -23.00     -24.00     -25.40     -26.32     -27.61     -27.50     -27.19     -25.10       0.50
   g   7   7       6.00       6.00       6.00       6.00       6.00       6.00       6.00       6.00       5.00      29.00      19.00      18.00       8.00       1.00      -2.00      -5.00      -2.00       0.00       0.00      -2.00      -1.20       1.94       4.92       6.61       9.77      14.30       0.90
   h   7   7     -22.00     -22.00     -22.00     -22.00     -22.00     -21.00     -20.00     -19.00     -19.00     -22.00     -16.00     -18.00     -17.00     -12.00     -11.00     -12.00     -10.00      -7.00      -4.00      -6.00      -5.80      -4.64      -3.28      -2.32      -1.90      -2.20      -0.30
   g   8   0      11.00      11.00      11.00      11.00      11.00      11.00      11.00      11.00      11.00      13.00      22.00      11.00      15.00      13.00      14.00      14.00      18.00      21.00      23.00      25.00      24.40      24.80      24.41      23.98      23.66      23.10      -0.10
   g   8   1       8.00       8.00       8.00       8.00       7.00       7.00       7.00       7.00       7.00       7.00      15.00       9.00       6.00       5.00       6.00       6.00       6.00       6.00       5.00       6.00       6.60       7.62       8.21       8.89       9.74      10.90       0.20
   h   8   1       8.00       8.00       8.00       8.00       8.00       8.00       8.00       8.00       8.00      12.00       5.00      10.00      11.00       7.00       7.00       6.00       7.00       8.00      10.00      11.00      11.90      11.20      10.84      10.04       8.43       7.20      -0.30
   g   8   2      -4.00      -4.00      -4.00      -4.00      -3.00      -3.00      -3.00      -3.00      -3.00      -8.00      -4.00      -6.00      -4.00      -4.00      -2.00      -1.00       0.00       0.00      -1.00      -6.00      -9.20     -11.73     -14.50     -16.78     -17.49     -17.50       0.00
   h   8   2     -14.00     -15.00     -15.00     -15.00     -15.00     -15.00     -15.00     -15.00     -14.00     -21.00     -22.00     -15.00     -14.00     -12.00     -15.00     -16.00     -18.00     -19.00     -19.00     -21.00     -21.50     -20.88     -20.03     -18.26     -15.23     -12.60       0.40
   g   8   3      -9.00      -9.00      -9.00      -9.00      -9.00      -9.00      -9.00      -9.00     -10.00      -5.00      -1.00     -14.00     -11.00     -14.00     -13.00     -12.00     -11.00     -11.00     -10.00      -9.00      -7.90      -6.88      -5.59      -3.16      -0.49       2.00       0.40
   h   8   3       7.00       7.00       6.00       6.00       6.00       6.00       5.00       5.00       5.00     -12.00       0.00       5.00       7.00       9.00       6.00       4.00       4.00       5.00       6.00       8.00       8.50       9.83      11.83      13.18      12.83      11.50      -0.30
   g   8   4       1.00       1.00       1.00       2.00       2.00       2.00       2.00       1.00       1.00       9.00      11.00       6.00       2.00       0.00      -3.00      -8.00      -7.00      -9.00     -12.00     -14.00     -16.60     -18.11     -19.34     -20.56     -21.07     -21.80      -0.10
   h   8   4     -13.00     -13.00     -13.00     -13.00     -14.00     -14.00     -14.00     -15.00     -15.00      -7.00     -21.00     -23.00     -18.00     -16.00     -17.00     -19.00     -22.00     -23.00     -22.00     -23.00     -21.50     -19.71     -17.41     -14.60     -11.76      -9.70       0.40
   g   8   5       2.00       2.00       2.00       3.00       4.00       4.00       5.00       6.00       6.00       7.00      15.00      10.00      10.00       8.00       5.00       4.00       4.00       4.00       3.00       9.00       9.10      10.17      11.61      13.33      15.28      16.90       0.30
   h   8   5       5.00       5.00       5.00       5.00       5.00       5.00       5.00       5.00       5.00       2.00      -8.00       3.00       4.00       4.00       6.00       6.00       9.00      11.00      12.00      15.00      15.50      16.22      16.71      16.16      14.94      12.70      -0.50
   g   8   6      -9.00      -8.00      -8.00      -8.00      -7.00      -7.00      -6.00      -6.00      -5.00     -10.00     -13.00      -7.00      -5.00      -1.00       0.00       0.00       3.00       4.00       4.00       6.00       7.00       9.36      10.85      11.76      13.65      14.90       0.10
   h   8   6      16.00      16.00      16.00      16.00      17.00      17.00      18.00      18.00      19.00      18.00      17.00      23.00      23.00      24.00      21.00      18.00      16.00      14.00      12.00      11.00       8.90       7.61       6.96       5.69       3.62       0.70      -0.60
   g   8   7       5.00       5.00       5.00       6.00       6.00       7.00       8.00       8.00       9.00       7.00       5.00       6.00      10.00      11.00      11.00      10.00       6.00       4.00       2.00      -5.00      -7.90     -11.25     -14.05     -15.98     -16.59     -16.80       0.00
   h   8   7      -5.00      -5.00      -5.00      -5.00      -5.00      -5.00      -5.00      -5.00      -5.00       3.00      -4.00      -4.00       1.00      -3.00      -6.00     -10.00     -13.00     -15.00     -16.00     -16.00     -14.90     -12.76     -10.74      -9.10      -6.90      -5.20       0.30
   g   8   8       8.00       8.00       8.00       8.00       8.00       8.00       8.00       7.00       7.00       2.00      -1.00       9.00       8.00       4.00       3.00       1.00      -1.00      -4.00      -6.00      -7.00      -7.00      -4.87      -3.54      -2.02      -0.34       1.00       0.30
   h   8   8     -18.00     -18.00     -18.00     -18.00     -19.00     -19.00     -19.00     -19.00     -19.00     -11.00     -17.00     -13.00     -20.00     -17.00     -16.00     -17.00     -15.00     -11.00     -10.00      -4.00      -2.10      -0.06       1.64       2.26       2.90       3.90       0.20
   g   9   0       8.00       8.00       8.00       8.00       8.00       8.00       8.00       8.00       8.00       5.00       3.00       4.00       4.00       8.00       8.00       7.00       5.00       5.00       4.00       4.00       5.00       5.58       5.50       5.33       5.03       4.70       0.00
   g   9   1      10.00      10.00      10.00      10.00      10.00      10.00      10.00      10.00      10.00     -21.00      -7.00       9.00       6.00      10.00      10.00      10.00      10.00      10.00       9.00       9.00       9.40       9.76       9.45       8.83       8.36       8.00       0.00
   h   9   1     -20.00     -20.00     -20.00     -20.00     -20.00     -20.00     -20.00     -20.00     -21.00     -27.00     -24.00     -11.00     -18.00     -22.00     -21.00     -21.00     -21.00     -21.00     -20.00     -20.00     -19.70     -20.11     -20.54     -21.77     -23.44     -24.80       0.00
   g   9   2       1.00       1.00       1.00       1.00       1.00       1.00       1.00       1.00       1.00       1.00      -1.00      -4.00       0.00       2.00       2.00       2.00       1.00       1.00       1.00       3.00       3.00       3.58       3.45       3.02       2.84       3.00       0.00
   h   9   2      14.00      14.00      14.00      14.00      14.00      14.00      14.00      15.00      15.00      17.00      19.00      12.00      12.00      15.00      16.00      16.00      16.00      15.00      15.00      15.00      13.40      12.69      11.51      10.76      11.04      12.10       0.00
   g   9   3     -11.00     -11.00     -11.00     -11.00     -11.00     -11.00     -12.00     -12.00     -12.00     -11.00     -25.00      -5.00      -9.00     -13.00     -12.00     -12.00     -12.00     -12.00     -12.00     -10.00      -8.40      -6.94      -5.27      -3.22      -1.48      -0.20       0.00
   h   9   3       5.00       5.00       5.00       5.00       5.00       5.00       5.00       5.00       5.00      29.00      12.00       7.00       2.00       7.00       6.00       7.00       9.00       9.00      11.00      12.00      12.50      12.67      12.75      11.74       9.86       8.30       0.00
   g   9   4      12.00      12.00      12.00      12.00      12.00      12.00      12.00      11.00      11.00       3.00      10.00       2.00       1.00      10.00      10.00      10.00       9.00       9.00       9.00       8.00       6.30       5.01       3.13       0.67      -1.14      -2.50       0.00
   h   9   4      -3.00      -3.00      -3.00      -3.00      -3.00      -3.00      -3.00      -3.00      -3.00      -9.00       2.00       6.00       0.00      -4.00      -4.00      -4.00      -5.00      -6.00      -7.00      -6.00      -6.20      -6.72      -7.14      -6.74      -5.13      -3.40       0.00
   g   9   5       1.00       1.00       1.00       1.00       1.00       1.00       1.00       1.00       1.00      16.00       5.00       4.00       4.00      -1.00      -1.00      -1.00      -3.00      -3.00      -4.00      -8.00      -8.90     -10.76     -12.38     -13.20     -13.22     -13.10       0.00
   h   9   5      -2.00      -2.00      -2.00      -2.00      -2.00      -2.00      -2.00      -3.00      -3.00       4.00       2.00      -2.00      -3.00      -5.00      -5.00      -5.00      -6.00      -6.00      -7.00      -8.00      -8.40      -8.16      -7.42      -6.88      -6.20      -5.30       0.00
   g   9   6      -2.00      -2.00      -2.00      -2.00      -2.00      -2.00      -2.00      -2.00      -2.00      -3.00      -5.00       1.00      -1.00      -1.00       0.00      -1.00      -1.00      -1.00      -2.00      -1.00      -1.50      -1.25      -0.76      -0.10       1.08       2.40       0.00
   h   9   6       8.00       8.00       8.00       8.00       9.00       9.00       9.00       9.00       9.00       9.00       8.00      10.00       9.00      10.00      10.00      10.00       9.00       9.00       9.00       8.00       8.40       8.10       7.97       7.79       7.79       7.20       0.00
   g   9   7       2.00       2.00       2.00       2.00       2.00       2.00       3.00       3.00       3.00      -4.00      -2.00       2.00      -2.00       5.00       3.00       4.00       7.00       7.00       7.00      10.00       9.30       8.76       8.43       8.68       8.82       8.60       0.00
   h   9   7      10.00      10.00      10.00      10.00      10.00      10.00      10.00      11.00      11.00       6.00       8.00       7.00       8.00      10.00      11.00      11.00      10.00       9.00       8.00       5.00       3.80       2.92       2.14       1.04       0.40      -0.60       0.00
   g   9   8      -1.00       0.00       0.00       0.00       0.00       0.00       0.00       0.00       1.00      -3.00       3.00       2.00       3.00       1.00       1.00       1.00       2.00       1.00       1.00      -2.00      -4.30      -6.66      -8.42      -9.06      -9.23      -8.70       0.00
   h   9   8      -2.00      -2.00      -2.00      -2.00      -2.00      -2.00      -2.00      -2.00      -2.00       1.00     -11.00      -6.00       0.00      -4.00      -2.00      -3.00      -6.00      -7.00      -7.00      -8.00      -8.20      -7.73      -6.08      -3.89      -1.44       0.80       0.00
   g   9   9      -1.00      -1.00      -1.00      -1.00      -1.00      -1.00      -2.00      -2.00      -2.00      -4.00       8.00       5.00      -1.00      -2.00      -1.00      -2.00      -5.00      -5.00      -6.00      -8.00      -8.20      -9.22     -10.08     -10.54     -11.86     -12.80       0.00
   h   9   9       2.00       2.00       2.00       2.00       2.00       2.00       2.00       2.00       2.00       8.00      -7.00       5.00       5.00       1.00       1.00       1.00       2.00       2.00       2.00       3.00       4.80       6.01       7.01       8.44       9.60       9.80       0.00
   g  10   0      -3.00      -3.00      -3.00      -3.00      -3.00      -3.00      -3.00      -3.00      -3.00      -3.00      -8.00      -3.00       1.00      -2.00      -3.00      -3.00      -4.00      -4.00      -3.00      -3.00      -2.60      -2.17      -1.94      -2.01      -1.84      -1.30       0.00
   g  10   1      -4.00      -4.00      -4.00      -4.00      -4.00      -4.00      -4.00      -4.00      -4.00      11.00       4.00      -5.00      -3.00      -3.00      -3.00      -3.00      -4.00      -4.00      -4.00      -6.00      -6.00      -6.12      -6.24      -6.26      -6.25      -6.40       0.00
   h  10   1       2.00       2.00       2.00       2.00       2.00       2.00       2.00       2.00       2.00       5.00      13.00      -4.00       4.00       2.00       1.00       1.00       1.00       1.00       2.00       1.00       1.70       2.19       2.73       3.28       3.38       3.30       0.00
   g  10   2       2.00       2.00       2.00       2.00       2.00       2.00       2.00       2.00       2.00       1.00      -1.00      -1.00       4.00       2.00       2.00       2.00       2.00       3.00       2.00       2.00       1.70       1.42       0.89       0.17      -0.11       0.20       0.00
   h  10   2       1.00       1.00       1.00       1.00       1.00       1.00       1.00       1.00       1.00       1.00      -2.00       0.00       1.00       1.00       1.00       1.00       0.00       0.00       1.00       0.00       0.00       0.10      -0.10      -0.40      -0.18       0.10       0.00
   g  10   3      -5.00      -5.00      -5.00      -5.00      -5.00      -5.00      -5.00      -5.00      -5.00       2.00      13.00       2.00       0.00      -5.00      -5.00      -5.00      -5.00      -5.00      -5.00      -4.00      -3.10      -2.35      -1.07       0.55       1.66       2.00       0.00
   h  10   3       2.00       2.00       2.00       2.00       2.00       2.00       2.00       2.00       2.00     -20.00     -10.00      -8.00       0.00       2.00       3.00       3.00       3.00       3.00       3.00       4.00       4.00       4.46       4.71       4.55       3.50       2.50       0.00
   g  10   4      -2.00      -2.00      -2.00      -2.00      -2.00      -2.00      -2.00      -2.00      -2.00      -5.00      -4.00      -3.00      -1.00      -2.00      -1.00      -2.00      -2.00      -2.00      -2.00      -1.00      -0.50      -0.15      -0.16      -0.55      -0.86      -1.00       0.00
   h  10   4       6.00       6.00       6.00       6.00       6.00       6.00       6.00       6.00       6.00      -1.00       2.00      -2.00       2.00       6.00       4.00       4.00       6.00       6.00       6.00       5.00       4.90       4.76       4.44       4.40       4.86       5.40       0.00
   g  10   5       6.00       6.00       6.00       6.00       6.00       6.00       6.00       6.00       6.00      -1.00       4.00       7.00       4.00       4.00       6.00       5.00       5.00       5.00       4.00       4.00       3.70       3.06       2.45       1.70       0.65      -0.50       0.00
   h  10   5      -4.00      -4.00      -4.00      -4.00      -4.00      -4.00      -4.00      -4.00      -4.00      -6.00      -3.00      -4.00      -5.00      -4.00      -4.00      -4.00      -4.00      -4.00      -4.00      -5.00      -5.90      -6.58      -7.22      -7.92      -8.62      -9.00       0.00
   g  10   6       4.00       4.00       4.00       4.00       4.00       4.00       4.00       4.00       4.00       8.00      12.00       4.00       6.00       4.00       4.00       4.00       3.00       3.00       3.00       2.00       1.00       0.29      -0.33      -0.67      -0.88      -0.90       0.00
   h  10   6       0.00       0.00       0.00       0.00       0.00       0.00       0.00       0.00       0.00       6.00       6.00       1.00       1.00       0.00       0.00      -1.00       0.00       0.00       0.00      -1.00      -1.20      -1.01      -0.96      -0.61      -0.11       0.40       0.00
   g  10   7       0.00       0.00       0.00       0.00       0.00       0.00       0.00       0.00       0.00      -1.00       3.00      -2.00       1.00       0.00       1.00       1.00       1.00       1.00       1.00       2.00       2.00       2.06       2.13       2.13       1.88       1.50       0.00
   h  10   7      -2.00      -2.00      -2.00      -2.00      -2.00      -2.00      -2.00      -1.00      -1.00      -4.00      -3.00      -3.00      -1.00      -2.00      -1.00      -1.00      -1.00      -1.00      -2.00      -2.00      -2.90      -3.47      -3.95      -4.16      -4.26      -4.20       0.00
   g  10   8       2.00       2.00       2.00       1.00       1.00       1.00       1.00       2.00       2.00      -3.00       2.00       6.00      -1.00       2.00       0.00       0.00       2.00       2.00       3.00       5.00       4.20       3.77       3.09       2.33       1.44       0.90       0.00
   h  10   8       4.00       4.00       4.00       4.00       4.00       4.00       4.00       4.00       4.00      -2.00       6.00       7.00       6.00       3.00       3.00       3.00       4.00       4.00       3.00       1.00       0.20      -0.86      -1.99      -2.85      -3.43      -3.80       0.00
   g  10   9       2.00       2.00       2.00       2.00       3.00       3.00       3.00       3.00       3.00       5.00      10.00      -2.00       2.00       2.00       3.00       3.00       3.00       3.00       3.00       1.00       0.30      -0.21      -1.03      -1.80      -2.38      -2.60       0.00
   h  10   9       0.00       0.00       0.00       0.00       0.00       0.00       0.00       0.00       0.00       0.00      11.00      -1.00       0.00       0.00       1.00       1.00       0.00       0.00      -1.00      -2.00      -2.20      -2.31      -1.97      -1.12      -0.10       0.90       0.00
   g  10  10       0.00       0.00       0.00       0.00       0.00       0.00       0.00       0.00       0.00      -2.00       3.00       0.00       0.00       0.00      -1.00      -1.00       0.00       0.00       0.00       0.00      -1.10      -2.09      -2.80      -3.59      -3.84      -3.90       0.00
   h  10  10      -6.00      -6.00      -6.00      -6.00      -6.00      -6.00      -6.00      -6.00      -6.00      -2.00       8.00      -3.00      -7.00      -6.00      -4.00      -5.00      -6.00      -6.00      -6.00      -7.00      -7.40      -7.93      -8.31      -8.72      -8.84      -9.00       0.00
   g  11   0       0.00       0.00       0.00       0.00       0.00       0.00       0.00       0.00       0.00       0.00       0.00       0.00       0.00       0.00       0.00       0.00       0.00       0.00       0.00       0.00       2.70       2.95       3.05       3.00       2.96       3.00       0.00
   g  11   1       0.00       0.00       0.00       0.00       0.00       0.00       0.00       0.00       0.00       0.00       0.00       0.00       0.00       0.00       0.00       0.00       0.00       0.00       0.00       0.00      -1.70      -1.60      -1.48      -1.40      -1.36      -1.40       0.00
   h  11   1       0.00       0.00       0.00       0.00       0.00       0.00       0.00       0.00       0.00       0.00       0.00       0.00       0.00       0.00       0.00       0.00       0.00       0.00       0.00       0.00       0.10       0.26       0.13       0.00      -0.02       0.00       0.00
   g  11   2       0.00       0.00       0.00       0.00       0.00       0.00       0.00       0.00       0.00       0.00       0.00       0.00       0.00       0.00       0.00       0.00       0.00       0.00       0.00       0.00      -1.90      -1.88      -2.03      -2.30      -2.51      -2.50       0.00
   h  11   2       0.00       0.00       0.00       0.00       0.00       0.00       0.00       0.00       0.00       0.00       0.00       0.00       0.00       0.00       0.00       0.00       0.00       0.00       0.00       0.00       1.30       1.44       1.67       2.11       2.50       2.80       0.00
   g  11   3       0.00       0.00       0.00       0.00       0.00       0.00       0.00       0.00       0.00       0.00       0.00       0.00       0.00       0.00       0.00       0.00       0.00       0.00       0.00       0.00       1.50       1.44       1.65       2.08       2.31       2.40       0.00
   h  11   3       0.00       0.00       0.00       0.00       0.00       0.00       0.00       0.00       0.00       0.00       0.00       0.00       0.00       0.00       0.00       0.00       0.00       0.00       0.00       0.00      -0.90      -0.77      -0.66      -0.60      -0.55      -0.60       0.00
   g  11   4       0.00       0.00       0.00       0.00       0.00       0.00       0.00       0.00       0.00       0.00       0.00       0.00       0.00       0.00       0.00       0.00       0.00       0.00       0.00       0.00      -0.10      -0.31      -0.51      -0.79      -0.85      -0.60       0.00
   h  11   4       0.00       0.00       0.00       0.00       0.00       0.00       0.00       0.00       0.00       0.00       0.00       0.00       0.00       0.00       0.00       0.00       0.00       0.00       0.00       0.00      -2.60      -2.27      -1.76      -1.05      -0.39       0.10       0.00
   g  11   5       0.00       0.00       0.00       0.00       0.00       0.00       0.00       0.00       0.00       0.00       0.00       0.00       0.00       0.00       0.00       0.00       0.00       0.00       0.00       0.00       0.10       0.29       0.54       0.58       0.28       0.00       0.00
   h  11   5       0.00       0.00       0.00       0.00       0.00       0.00       0.00       0.00       0.00       0.00       0.00       0.00       0.00       0.00       0.00       0.00       0.00       0.00       0.00       0.00       0.90       0.90       0.85       0.76       0.62       0.50       0.00
   g  11   6       0.00       0.00       0.00       0.00       0.00       0.00       0.00       0.00       0.00       0.00       0.00       0.00       0.00       0.00       0.00       0.00       0.00       0.00       0.00       0.00      -0.70      -0.79      -0.79      -0.70      -0.66      -0.60       0.00
   h  11   6       0.00       0.00       0.00       0.00       0.00       0.00       0.00       0.00       0.00       0.00       0.00       0.00       0.00       0.00       0.00       0.00       0.00       0.00       0.00       0.00      -0.70      -0.58      -0.39      -0.20      -0.21      -0.30       0.00
   g  11   7       0.00       0.00       0.00       0.00       0.00       0.00       0.00       0.00       0.00       0.00       0.00       0.00       0.00       0.00       0.00       0.00       0.00       0.00       0.00       0.00       0.70       0.53       0.37       0.14      -0.07      -0.10       0.00
   h  11   7       0.00       0.00       0.00       0.00       0.00       0.00       0.00       0.00       0.00       0.00       0.00       0.00       0.00       0.00       0.00       0.00       0.00       0.00       0.00       0.00      -2.80      -2.69      -2.51      -2.12      -1.66      -1.20       0.00
   g  11   8       0.00       0.00       0.00       0.00       0.00       0.00       0.00       0.00       0.00       0.00       0.00       0.00       0.00       0.00       0.00       0.00       0.00       0.00       0.00       0.00       1.70       1.80       1.79       1.70       1.44       1.10       0.00
   h  11   8       0.00       0.00       0.00       0.00       0.00       0.00       0.00       0.00       0.00       0.00       0.00       0.00       0.00       0.00       0.00       0.00       0.00       0.00       0.00       0.00      -0.90      -1.08      -1.27      -1.44      -1.60      -1.70       0.00
   g  11   9       0.00       0.00       0.00       0.00       0.00       0.00       0.00       0.00       0.00       0.00       0.00       0.00       0.00       0.00       0.00       0.00       0.00       0.00       0.00       0.00       0.10       0.16       0.12      -0.22      -0.59      -1.00       0.00
   h  11   9       0.00       0.00       0.00       0.00       0.00       0.00       0.00       0.00       0.00       0.00       0.00       0.00       0.00       0.00       0.00       0.00       0.00       0.00       0.00       0.00      -1.20      -1.58      -2.11      -2.57      -2.98      -2.90       0.00
   g  11  10       0.00       0.00       0.00       0.00       0.00       0.00       0.00       0.00       0.00       0.00       0.00       0.00       0.00       0.00       0.00       0.00       0.00       0.00       0.00       0.00       1.20       0.96       0.75       0.44       0.18      -0.10       0.00
   h  11  10       0.00       0.00       0.00       0.00       0.00       0.00       0.00       0.00       0.00       0.00       0.00       0.00       0.00       0.00       0.00       0.00       0.00       0.00       0.00       0.00      -1.90      -1.90      -1.94      -2.01      -1.97      -1.80       0.00
   g  11  11       0.00       0.00       0.00       0.00       0.00       0.00       0.00       0.00       0.00       0.00       0.00       0.00       0.00       0.00       0.00       0.00       0.00       0.00       0.00       0.00       4.00       3.99       3.75       3.49       3.09       2.60       0.00
   h  11  11       0.00       0.00       0.00       0.00       0.00       0.00       0.00       0.00       0.00       0.00       0.00       0.00       0.00       0.00       0.00       0.00       0.00       0.00       0.00       0.00      -0.90      -1.39      -1.86      -2.34      -2.51      -2.30       0.00
   g  12   0       0.00       0.00       0.00       0.00       0.00       0.00       0.00       0.00       0.00       0.00       0.00       0.00       0.00       0.00       0.00       0.00       0.00       0.00       0.00       0.00      -2.20      -2.15      -2.12      -2.09      -2.00      -2.00       0.00
   g  12   1       0.00       0.00       0.00       0.00       0.00       0.00       0.00       0.00       0.00       0.00       0.00       0.00       0.00       0.00       0.00       0.00       0.00       0.00       0.00       0.00      -0.30      -0.29      -0.21      -0.16      -0.13      -0.10       0.00
   h  12   1       0.00       0.00       0.00       0.00       0.00       0.00       0.00       0.00       0.00       0.00       0.00       0.00       0.00       0.00       0.00       0.00       0.00       0.00       0.00       0.00      -0.40      -0.55      -0.87      -1.08      -1.15      -1.20       0.00
   g  12   2       0.00       0.00       0.00       0.00       0.00       0.00       0.00       0.00       0.00       0.00       0.00       0.00       0.00       0.00       0.00       0.00       0.00       0.00       0.00       0.00       0.20       0.21       0.30       0.46       0.43       0.40       0.00
   h  12   2       0.00       0.00       0.00       0.00       0.00       0.00       0.00       0.00       0.00       0.00       0.00       0.00       0.00       0.00       0.00       0.00       0.00       0.00       0.00       0.00       0.30       0.23       0.27       0.37       0.52       0.60       0.00
   g  12   3       0.00       0.00       0.00       0.00       0.00       0.00       0.00       0.00       0.00       0.00       0.00       0.00       0.00       0.00       0.00       0.00       0.00       0.00       0.00       0.00       0.90       0.89       1.04       1.23       1.28       1.20       0.00
   h  12   3       0.00       0.00       0.00       0.00       0.00       0.00       0.00       0.00       0.00       0.00       0.00       0.00       0.00       0.00       0.00       0.00       0.00       0.00       0.00       0.00       2.50       2.38       2.13       1.75       1.37       1.00       0.00
   g  12   4       0.00       0.00       0.00       0.00       0.00       0.00       0.00       0.00       0.00       0.00       0.00       0.00       0.00       0.00       0.00       0.00       0.00       0.00       0.00       0.00      -0.20      -0.38      -0.63      -0.89      -1.14      -1.20       0.00
   h  12   4       0.00       0.00       0.00       0.00       0.00       0.00       0.00       0.00       0.00       0.00       0.00       0.00       0.00       0.00       0.00       0.00       0.00       0.00       0.00       0.00      -2.60      -2.63      -2.49      -2.19      -1.81      -1.50       0.00
   g  12   5       0.00       0.00       0.00       0.00       0.00       0.00       0.00       0.00       0.00       0.00       0.00       0.00       0.00       0.00       0.00       0.00       0.00       0.00       0.00       0.00       0.90       0.96       0.95       0.85       0.71       0.60       0.00
   h  12   5       0.00       0.00       0.00       0.00       0.00       0.00       0.00       0.00       0.00       0.00       0.00       0.00       0.00       0.00       0.00       0.00       0.00       0.00       0.00       0.00       0.70       0.61       0.49       0.27       0.08       0.00       0.00
   g  12   6       0.00       0.00       0.00       0.00       0.00       0.00       0.00       0.00       0.00       0.00       0.00       0.00       0.00       0.00       0.00       0.00       0.00       0.00       0.00       0.00      -0.50      -0.30      -0.11       0.10       0.31       0.50       0.00
   h  12   6       0.00       0.00       0.00       0.00       0.00       0.00       0.00       0.00       0.00       0.00       0.00       0.00       0.00       0.00       0.00       0.00       0.00       0.00       0.00       0.00       0.30       0.40       0.59       0.72       0.71       0.60       0.00
   g  12   7       0.00       0.00       0.00       0.00       0.00       0.00       0.00       0.00       0.00       0.00       0.00       0.00       0.00       0.00       0.00       0.00       0.00       0.00       0.00       0.00       0.30       0.46       0.52       0.54       0.49       0.50       0.00
   h  12   7       0.00       0.00       0.00       0.00       0.00       0.00       0.00       0.00       0.00       0.00       0.00       0.00       0.00       0.00       0.00       0.00       0.00       0.00       0.00       0.00       0.00       0.01       0.00      -0.09      -0.15      -0.20       0.00
   g  12   8       0.00       0.00       0.00       0.00       0.00       0.00       0.00       0.00       0.00       0.00       0.00       0.00       0.00       0.00       0.00       0.00       0.00       0.00       0.00       0.00      -0.30      -0.35      -0.39      -0.37      -0.26      -0.10       0.00
   h  12   8       0.00       0.00       0.00       0.00       0.00       0.00       0.00       0.00       0.00       0.00       0.00       0.00       0.00       0.00       0.00       0.00       0.00       0.00       0.00       0.00       0.00       0.02       0.13       0.29       0.55       0.80       0.00
   g  12   9       0.00       0.00       0.00       0.00       0.00       0.00       0.00       0.00       0.00       0.00       0.00       0.00       0.00       0.00       0.00       0.00       0.00       0.00       0.00       0.00      -0.40      -0.36      -0.37      -0.43      -0.47      -0.50       0.00
   h  12   9       0.00       0.00       0.00       0.00       0.00       0.00       0.00       0.00       0.00       0.00       0.00       0.00       0.00       0.00       0.00       0.00       0.00       0.00       0.00       0.00       0.30       0.28       0.27       0.23       0.16       0.10       0.00
   g  12  10       0.00       0.00       0.00       0.00       0.00       0.00       0.00       0.00       0.00       0.00       0.00       0.00       0.00       0.00       0.00       0.00       0.00       0.00       0.00       0.00      -0.10       0.08       0.21       0.22       0.09      -0.20       0.00
   h  12  10       0.00       0.00       0.00       0.00       0.00       0.00       0.00       0.00       0.00       0.00       0.00       0.00       0.00       0.00       0.00       0.00       0.00       0.00       0.00       0.00      -0.90      -0.87      -0.86      -0.89      -0.93      -0.90       0.00
   g  12  11       0.00       0.00       0.00       0.00       0.00       0.00       0.00       0.00       0.00       0.00       0.00       0.00       0.00       0.00       0.00       0.00       0.00       0.00       0.00       0.00      -0.20      -0.49      -0.77      -0.94      -1.13      -1.20       0.00
   h  12  11       0.00       0.00       0.00       0.00       0.00       0.00       0.00       0.00       0.00       0.00       0.00       0.00       0.00       0.00       0.00       0.00       0.00       0.00       0.00       0.00      -0.40      -0.34      -0.23      -0.16      -0.04       0.10       0.00
   g  12  12       0.00       0.00       0.00       0.00       0.00       0.00       0.00       0.00       0.00       0.00       0.00       0.00       0.00       0.00       0.00       0.00       0.00       0.00       0.00       0.00      -0.40      -0.08       0.04      -0.03      -0.33      -0.70       0.00
   h  12  12       0.00       0.00       0.00       0.00       0.00       0.00       0.00       0.00       0.00       0.00       0.00       0.00       0.00       0.00       0.00       0.00       0.00       0.00       0.00       0.00       0.80       0.88       0.87       0.72       0.52       0.20       0.00
   g  13   0       0.00       0.00       0.00       0.00       0.00       0.00       0.00       0.00       0.00       0.00       0.00       0.00       0.00       0.00       0.00       0.00       0.00       0.00       0.00       0.00      -0.20      -0.16      -0.09      -0.02       0.08       0.20       0.00
   g  13   1       0.00       0.00       0.00       0.00       0.00       0.00       0.00       0.00       0.00       0.00       0.00       0.00       0.00       0.00       0.00       0.00       0.00       0.00       0.00       0.00      -0.90      -0.88      -0.89      -0.92      -0.93      -0.90       0.00
   h  13   1       0.00       0.00       0.00       0.00       0.00       0.00       0.00       0.00       0.00       0.00       0.00       0.00       0.00       0.00       0.00       0.00       0.00       0.00       0.00       0.00      -0.90      -0.76      -0.87      -0.88      -0.88      -0.90       0.00
   g  13   2       0.00       0.00       0.00       0.00       0.00       0.00       0.00       0.00       0.00       0.00       0.00       0.00       0.00       0.00       0.00       0.00       0.00       0.00       0.00       0.00       0.30       0.30       0.31       0.42       0.53       0.60       0.00
   h  13   2       0.00       0.00       0.00       0.00       0.00       0.00       0.00       0.00       0.00       0.00       0.00       0.00       0.00       0.00       0.00       0.00       0.00       0.00       0.00       0.00       0.20       0.33       0.30       0.49       0.64       0.70       0.00
   g  13   3       0.00       0.00       0.00       0.00       0.00       0.00       0.00       0.00       0.00       0.00       0.00       0.00       0.00       0.00       0.00       0.00       0.00       0.00       0.00       0.00       0.10       0.28       0.42       0.63       0.72       0.70       0.00
   h  13   3       0.00       0.00       0.00       0.00       0.00       0.00       0.00       0.00       0.00       0.00       0.00       0.00       0.00       0.00       0.00       0.00       0.00       0.00       0.00       0.00       1.80       1.72       1.66       1.56       1.40       1.20       0.00
   g  13   4       0.00       0.00       0.00       0.00       0.00       0.00       0.00       0.00       0.00       0.00       0.00       0.00       0.00       0.00       0.00       0.00       0.00       0.00       0.00       0.00      -0.40      -0.43      -0.45      -0.42      -0.30      -0.20       0.00
   h  13   4       0.00       0.00       0.00       0.00       0.00       0.00       0.00       0.00       0.00       0.00       0.00       0.00       0.00       0.00       0.00       0.00       0.00       0.00       0.00       0.00      -0.40      -0.54      -0.59      -0.50      -0.38      -0.30       0.00
   g  13   5       0.00       0.00       0.00       0.00       0.00       0.00       0.00       0.00       0.00       0.00       0.00       0.00       0.00       0.00       0.00       0.00       0.00       0.00       0.00       0.00       1.30       1.18       1.08       0.96       0.75       0.50       0.00
   h  13   5       0.00       0.00       0.00       0.00       0.00       0.00       0.00       0.00       0.00       0.00       0.00       0.00       0.00       0.00       0.00       0.00       0.00       0.00       0.00       0.00      -1.00      -1.07      -1.14      -1.24      -1.31      -1.30       0.00
   g  13   6       0.00       0.00       0.00       0.00       0.00       0.00       0.00       0.00       0.00       0.00       0.00       0.00       0.00       0.00       0.00       0.00       0.00       0.00       0.00       0.00      -0.40      -0.37      -0.31      -0.19      -0.01       0.10       0.00
   h  13   6       0.00       0.00       0.00       0.00       0.00       0.00       0.00       0.00       0.00       0.00       0.00       0.00       0.00       0.00       0.00       0.00       0.00       0.00       0.00       0.00      -0.10      -0.04      -0.07      -0.10      -0.09      -0.10       0.00
   g  13   7       0.00       0.00       0.00       0.00       0.00       0.00       0.00       0.00       0.00       0.00       0.00       0.00       0.00       0.00       0.00       0.00       0.00       0.00       0.00       0.00       0.70       0.75       0.78       0.81       0.76       0.70       0.00
   h  13   7       0.00       0.00       0.00       0.00       0.00       0.00       0.00       0.00       0.00       0.00       0.00       0.00       0.00       0.00       0.00       0.00       0.00       0.00       0.00       0.00       0.70       0.63       0.54       0.42       0.29       0.20       0.00
   g  13   8       0.00       0.00       0.00       0.00       0.00       0.00       0.00       0.00       0.00       0.00       0.00       0.00       0.00       0.00       0.00       0.00       0.00       0.00       0.00       0.00      -0.40      -0.26      -0.18      -0.13      -0.05       0.00       0.00
   h  13   8       0.00       0.00       0.00       0.00       0.00       0.00       0.00       0.00       0.00       0.00       0.00       0.00       0.00       0.00       0.00       0.00       0.00       0.00       0.00       0.00       0.30       0.21       0.10      -0.04      -0.11      -0.20       0.00
   g  13   9       0.00       0.00       0.00       0.00       0.00       0.00       0.00       0.00       0.00       0.00       0.00       0.00       0.00       0.00       0.00       0.00       0.00       0.00       0.00       0.00       0.30       0.35       0.38       0.38       0.37       0.30       0.00
   h  13   9       0.00       0.00       0.00       0.00       0.00       0.00       0.00       0.00       0.00       0.00       0.00       0.00       0.00       0.00       0.00       0.00       0.00       0.00       0.00       0.00       0.60       0.53       0.49       0.48       0.47       0.50       0.00
   g  13  10       0.00       0.00       0.00       0.00       0.00       0.00       0.00       0.00       0.00       0.00       0.00       0.00       0.00       0.00       0.00       0.00       0.00       0.00       0.00       0.00      -0.10      -0.05       0.02       0.08       0.13       0.20       0.00
   h  13  10       0.00       0.00       0.00       0.00       0.00       0.00       0.00       0.00       0.00       0.00       0.00       0.00       0.00       0.00       0.00       0.00       0.00       0.00       0.00       0.00       0.30       0.38       0.44       0.48       0.54       0.60       0.00
   g  13  11       0.00       0.00       0.00       0.00       0.00       0.00       0.00       0.00       0.00       0.00       0.00       0.00       0.00       0.00       0.00       0.00       0.00       0.00       0.00       0.00       0.40       0.41       0.42       0.46       0.45       0.40       0.00
   h  13  11       0.00       0.00       0.00       0.00       0.00       0.00       0.00       0.00       0.00       0.00       0.00       0.00       0.00       0.00       0.00       0.00       0.00       0.00       0.00       0.00      -0.20      -0.22      -0.25      -0.30      -0.41      -0.60       0.00
   g  13  12       0.00       0.00       0.00       0.00       0.00       0.00       0.00       0.00       0.00       0.00       0.00       0.00       0.00       0.00       0.00       0.00       0.00       0.00       0.00       0.00       0.00      -0.10      -0.26      -0.35      -0.46      -0.50       0.00
   h  13  12       0.00       0.00       0.00       0.00       0.00       0.00       0.00       0.00       0.00       0.00       0.00       0.00       0.00       0.00       0.00       0.00       0.00       0.00       0.00       0.00      -0.50      -0.57      -0.53      -0.43      -0.36      -0.30       0.00
   g  13  13       0.00       0.00       0.00       0.00       0.00       0.00       0.00       0.00       0.00       0.00       0.00       0.00       0.00       0.00       0.00       0.00       0.00       0.00       0.00       0.00       0.10      -0.18      -0.26      -0.36      -0.40      -0.40       0.00
   h  13  13       0.00       0.00       0.00       0.00       0.00       0.00       0.00       0.00       0.00       0.00       0.00       0.00       0.00       0.00       0.00       0.00       0.00       0.00       0.00       0.00      -0.90      -0.82      -0.79      -0.71      -0.60      -0.50       0.00
